0
0
434.783
217.391
144.928
129.032
133.333
138.889
143.885
148.148
153.846
153.846
150.376
0
0
0
0
0
181.818
173.913
172.414
170.94
173.913
173.913
173.913
172.414
170.94
169.492
161.29
152.672
125.786
500
500
173.913
0
107.527
106.383
147.059
140.845
140.845
140.845
139.86
138.889
136.986
136.986
289.855
256.41
246.914
229.885
212.766
84.0336
215.054
119.76
119.76
121.212
123.457
123.457
119.76
121.212
130.719
0
0
0
0
0
95.2381
129.032
149.254
135.135
129.87
124.224
121.212
116.959
112.994
107.527
103.627
97.561
93.0233
91.3242
93.8967
93.8967
91.3242
90.9091
96.1538
98.5222
400
92.1659
95.2381
114.943
156.25
157.48
178.571
157.48
118.343
500
0
500
500
476.19
0
